MA0006.1_Ahr::Arnt	MA0854.1_Alx1	MA0634.1_ALX3	MA0853.1_Alx4	MA0007.3_Ar	MA1463.1_ARGFX	MA0151.1_Arid3a	MA0601.1_Arid3b	MA0602.1_Arid5a	MA0004.1_Arnt	MA0259.1_ARNT::HIF1A	MA1464.1_ARNT2	MA0603.1_Arntl	MA0874.1_Arx	MA1100.2_ASCL1	MA1631.1_ASCL1(var.2)	MA0816.1_Ascl2	MA0604.1_Atf1	MA1632.1_ATF2	MA0605.2_ATF3	MA0833.2_ATF4	MA1466.1_ATF6	MA0834.1_ATF7	MA0461.2_Atoh1	MA1467.1_ATOH1(var.2)	MA1468.1_ATOH7	MA1633.1_BACH1	MA0591.1_Bach1::Mafk	MA1101.2_BACH2	MA1470.1_BACH2(var.2)	MA0877.2_BARHL1	MA0635.1_BARHL2	MA0875.1_BARX1	MA1471.1_BARX2	MA1634.1_BATF	MA0462.2_BATF::JUN	MA0835.2_BATF3	MA0463.2_BCL6	MA0731.1_BCL6B	MA0607.1_Bhlha15	MA1472.1_BHLHA15(var.2)	MA0818.1_BHLHE22	MA1635.1_BHLHE22(var.2)	MA0817.1_BHLHE23	MA0464.2_BHLHE40	MA0636.1_BHLHE41	MA0876.1_BSX	MA0878.2_CDX1	MA0465.2_CDX2	MA1473.1_CDX4
8	14	6	38	6	5	15	11	15	0	20	7	85	14	30	3	8	31	35	3	9	4	5	2	7	8	10	43	25	4	172	7	4	2	17	6	6	31	41	5	3	3	1	8	33	25	2	0	0	8
2	15	7	19	4	17	47	12	6	22	19	5	11	14	5	16	9	27	29	9	12	15	9	8	10	19	6	16	6	10	7	2	0	2	4	7	4	8	7	5	1	22	13	4	11	9	3	5	18	2
3	0	9	7	15	45	10	6	6	27	12	3	13	73	26	10	0	3	5	0	2	0	5	6	0	17	1	11	9	1	3	9	2	6	1	0	17	4	24	4	4	77	2	1	0	2	0	6	2	24
23	15	59	0	34	1	0	0	14	14	7	21	16	19	12	77	28	0	7	2	0	1	0	10	1	12	7	30	1	2	0	22	0	0	0	5	28	8	0	2	28	6	7	0	0	0	0	0	0	12
48	4	12	51	0	1	10	65	0	13	16	0	0	2	14	160	121	10	25	33	36	4	9	92	102	20	138	0	14	5	4	43	12	20	72	36	0	13	0	31	3	7	5	8	0	4	2	7	13	9
0	0	0	14	2	6	3	2	4	287	4	2	7	15	6	9	73	5	65	197	15	14	31	0	2	48	19	0	0	0	107	346	129	23	174	4	71	34	17	19	192	24	94	0	1	6	13	0	10	10
19	5	36	39	3	0	0	48	100	2	2	1	5	0	1	5	37	0	156	3	0	0	33	0	0	2	7	2	20	81	11	16	100	66	5	1	17	26	24	9	22	36	125	47	12	28	43	85	4	50
18	4	0	11	5	0	0	0	7	1	50	1	2	8	13	3	0	7	6	0	0	0	7	15	0	1	17	2	18	2	9	2	11	3	13	3	2	3	1	0	2	0	0	0	4	4	0	7	24	1
3	8	0	8	20	6	25	4	38	9	9	17	13	33	3	29	17	23	9	17	23	2	29	98	29	76	140	48	83	35	107	106	93	60	50	34	19	25	313	7	54	0	0	0	4	4	0	0	9	4
20	15	0	0	0	0	2	5	3	3	34	56	31	20	9	0	0	0	1	0	15	24	3	18	0	16	12	14	0	2	3	0	2	0	26	0	0	0	0	5	12	0	0	0	26	0	4	4	0	2
0	0	10	5	1	2	0	4	33	0	4	3	3	9	2	2	2	13	24	0	0	0	3	0	8	5	2	4	0	2	2	4	2	0	2	3	2	0	0	2	1	2	0	5	0	1	0	0	1	4
135	12	48	36	30	189	26	80	106	71	114	83	1	44	94	3	125	16	41	33	66	23	90	47	201	19	75	45	71	66	21	141	23	40	41	44	44	18	19	32	84	95	74	54	107	36	184	203	74	130
4	15	48	47	4	4	7	15	4	14	49	21	13	0	7	7	26	23	10	16	6	8	9	19	21	14	4	2	22	2	10	16	10	45	24	3	54	1	10	12	18	23	10	37	3	0	23	17	2	24
3	0	2	5	7	28	5	32	2	46	5	26	13	11	14	13	24	12	42	19	1	6	6	30	6	37	11	25	8	36	0	35	21	11	15	2	6	1	2	7	3	7	2	6	1	6	2	1	0	5
3	4	4	8	2	5	2	0	2	2	9	6	3	16	9	9	10	12	2	0	1	5	8	10	0	12	1	10	5	0	14	1	4	12	2	1	5	1	8	16	0	0	2	8	4	7	6	4	7	2
5	48	2	19	30	12	39	7	35	32	15	9	20	16	41	18	39	4	14	42	36	22	14	21	0	22	30	9	24	19	17	1	16	43	25	44	23	4	29	18	29	7	20	14	24	38	28	37	44	5
4	2	2	0	10	0	3	2	6	2	4	4	2	2	4	4	3	0	8	1	24	9	24	6	42	55	18	40	2	31	4	10	9	6	0	0	6	2	17	1	28	4	1	2	0	2	6	2	0	9
44	23	18	18	5	5	1	1	9	7	0	3	0	24	2	8	8	1	4	2	21	8	6	8	8	0	9	1	2	4	7	9	6	16	4	0	0	0	2	2	0	3	4	4	17	13	9	4	3	1
2	19	8	4	6	6	0	0	12	2	2	21	0	4	9	2	9	7	2	5	0	0	0	8	2	0	9	3	10	34	18	6	19	0	2	23	0	6	4	46	20	4	6	9	0	0	4	0	9	9
12	30	18	15	15	4	42	13	24	50	43	4	31	2	51	0	22	16	17	4	10	2	23	10	6	66	25	14	8	25	4	19	25	2	13	0	0	1	4	3	2	2	7	8	9	2	10	4	9	0
0	2	3	10	1	5	14	1	0	10	32	0	6	4	2	33	20	6	14	1	38	21	0	21	7	23	6	70	3	17	2	4	4	2	1	0	0	17	8	3	0	1	12	6	0	2	0	0	6	3
0	0	3	2	2	4	10	4	6	9	0	19	5	2	11	0	6	4	82	9	12	39	91	20	2	2	4	2	0	11	3	9	6	0	0	2	0	2	2	2	2	8	0	10	6	5	0	2	0	27
6	9	11	115	52	8	12	14	36	23	12	16	33	48	14	40	15	48	15	7	75	66	70	81	23	71	119	15	30	15	22	29	15	172	17	22	90	27	20	36	37	57	23	39	4	100	16	6	47	69
2	2	6	41	4	3	3	9	3	4	1	1	14	0	7	2	4	5	13	2	1	7	0	1	2	4	0	6	0	6	2	54	6	163	45	28	2	85	28	43	54	24	112	5	88	94	8	102	1	8
29	11	4	59	75	68	5	22	9	8	2	257	52	57	69	51	6	73	20	23	88	5	44	54	18	106	20	11	10	41	6	109	38	49	61	26	3	17	18	8	84	60	61	85	41	0	34	27	18	12
62	30	26	12	21	36	63	44	28	11	30	13	15	3	34	14	10	7	5	1	8	4	67	6	4	3	6	4	17	6	105	8	15	10	0	0	10	7	6	5	7	1	3	3	0	6	0	8	4	5
4	2	0	8	3	11	0	1	4	4	3	0	14	0	0	5	8	4	1	3	5	0	3	8	0	1	1	1	52	2	0	16	10	2	5	8	11	7	0	36	5	7	6	14	6	0	3	8	3	0
6	30	5	7	2	37	4	13	0	14	2	10	4	2	2	0	9	6	4	4	2	5	0	2	7	2	4	1	2	0	4	4	7	12	2	2	0	2	1	0	0	0	2	3	2	0	3	12	8	0
4	4	2	8	5	2	2	2	16	6	2	5	2	8	19	5	2	3	1	2	1	10	1	2	1	3	4	8	12	2	2	5	0	0	7	25	0	4	12	9	8	7	14	13	2	9	4	5	5	4
3	2	3	3	5	0	2	15	1	5	15	6	6	0	10	13	2	0	2	0	2	2	4	2	0	16	5	0	4	3	9	22	0	16	0	0	3	4	2	2	4	1	4	0	4	14	7	7	0	5
36	51	12	4	42	6	9	19	1	35	135	5	2	0	1	183	2	59	4	3	0	23	17	33	3	55	67	34	11	0	25	44	10	1	13	2	15	0	5	4	2	6	2	2	6	9	26	36	1	19
5	44	15	0	51	67	36	32	4	28	105	8	205	10	81	37	22	4	101	38	86	0	92	74	205	113	17	126	26	113	16	16	11	31	30	0	8	0	0	46	4	39	93	7	31	106	135	53	30	57
189	55	46	0	20	9	0	5	22	14	57	12	7	0	70	21	9	0	0	2	15	3	17	19	2	10	3	10	10	13	13	14	9	0	4	9	11	14	16	21	0	6	5	42	27	2	5	44	4	11
6	0	0	0	0	0	3	10	0	5	19	3	8	1	21	5	21	12	22	22	48	2	29	130	55	113	46	57	47	259	235	456	547	26	73	195	150	229	14	302	61	231	27	255	172	45	47	51	44	69
43	40	39	56	134	18	6	38	0	0	9	4	29	53	4	4	24	0	0	21	0	0	15	26	8	2	5	14	21	2	3	0	0	3	2	11	5	20	0	0	7	30	11	5	2	3	38	3	6	3
2	19	0	1	13	22	34	9	0	3	14	38	0	20	2	58	55	3	31	1	3	28	0	30	46	11	2	1	15	5	15	18	111	0	7	0	76	20	1	6	31	10	5	21	7	17	1	10	2	0
9	18	12	8	12	51	10	14	5	17	19	2	30	8	60	37	6	9	14	43	7	3	5	18	5	10	11	2	58	18	43	19	9	13	34	13	11	3	27	86	16	9	8	42	8	16	5	3	1	21
6	27	17	17	3	16	11	45	3	31	32	14	15	22	31	1	63	6	4	2	2	34	26	23	11	8	8	33	28	1	8	34	1	7	2	2	42	24	9	1	21	8	8	6	1	5	11	28	3	5
0	0	5	0	5	0	1	23	3	0	0	2	0	1	2	3	3	9	0	0	2	1	27	0	0	0	0	0	0	1	3	4	0	19	23	0	0	46	0	0	15	0	7	0	0	1	0	6	0	1
22	22	56	0	83	93	105	17	0	24	39	1	111	111	54	1	60	27	0	0	102	17	74	0	33	111	164	62	27	50	69	57	1	51	57	31	30	89	78	34	33	45	133	4	119	198	176	12	14	139
3	28	19	0	1	12	53	60	18	23	0	2	4	0	0	14	2	5	52	1	100	3	43	3	6	0	0	0	0	0	0	1	1	68	11	37	0	0	0	0	0	0	0	12	2	0	0	31	32	0
0	0	0	0	0	0	49	0	2	28	0	0	0	0	0	1	0	0	0	0	0	5	0	8	11	15	4	4	31	7	0	0	23	129	74	0	0	0	49	22	2	0	4	36	0	2	3	0	2	64
0	11	26	89	50	200	0	8	6	11	23	9	0	0	16	2	13	89	20	18	0	0	1	9	22	9	15	11	91	1	19	1	3	0	0	5	40	4	22	61	3	0	0	16	16	47	36	12	4	17
24	10	9	0	4	27	0	57	0	11	58	10	40	0	15	19	0	41	125	3	15	71	8	3	79	0	39	0	0	8	1	0	1	0	16	17	13	12	3	53	112	22	6	4	115	4	7	44	11	10
0	6	3	0	0	5	34	0	0	32	1	0	0	0	27	13	9	3	1	0	74	0	23	0	0	5	1	9	3	10	93	9	0	0	1	0	0	0	16	0	0	5	0	1	11	6	0	0	0	5
7	20	14	2	3	4	2	1	0	0	3	39	0	0	2	1	0	12	0	7	3	7	32	5	0	0	0	0	0	0	0	0	0	7	0	0	0	0	0	0	3	6	1	82	4	6	16	57	122	103
32	165	9	29	69	138	231	145	101	80	116	91	6	16	208	13	131	99	21	117	48	213	135	2	82	67	0	0	52	0	0	1	12	6	0	1	2	0	0	9	22	3	10	36	3	9	34	16	1	3
10	41	8	13	7	0	0	0	1	9	0	0	0	0	52	60	5	9	36	10	121	4	1	22	0	0	20	1	2	7	16	21	20	1	17	27	105	1	230	295	1	31	0	41	3	25	11	12	0	368
9	4	1	7	3	106	3	8	5	0	1	0	0	2	5	0	10	1	0	22	20	74	11	42	6	14	41	17	65	0	10	0	8	12	29	27	27	44	172	32	64	57	90	99	55	54	29	4	73	9
1	0	0	0	1	11	0	0	2	0	0	0	0	8	0	0	0	2	4	1	0	2	3	2	0	0	0	0	0	0	0	0	0	0	0	0	5	0	0	0	0	0	0	13	43	1	1	0	4	0
88	119	36	110	7	2	286	102	64	0	79	113	152	134	96	68	122	164	54	25	112	45	158	328	31	36	151	40	39	16	57	71	363	110	150	141	199	25	102	218	573	20	227	51	393	258	246	26	147	224
5	31	5	0	0	0	0	13	14	17	63	96	93	43	12	6	12	82	11	5	64	1	27	8	21	29	1	21	24	41	69	19	62	0	0	0	2	21	0	0	0	7	105	51	35	147	204	35	36	73
41	35	87	26	6	54	40	3	1	10	0	0	0	2	3	2	8	11	20	2	0	2	7	2	7	2	0	20	0	0	14	1	27	45	2	99	129	1	0	28	44	10	3	13	0	24	3	0	10	13
62	19	23	0	9	6	42	25	2	0	0	0	7	18	2	44	2	37	0	1	0	0	0	0	2	2	9	8	20	2	28	0	0	0	0	37	1	49	2	4	0	0	0	10	11	0	0	4	0	2
45	38	119	6	21	83	0	16	44	5	0	0	7	65	0	3	0	0	0	0	30	49	89	27	0	2	34	29	12	0	69	48	45	0	12	0	0	4	0	38	22	8	15	123	170	65	4	0	3	0
35	91	121	185	42	23	44	22	173	23	84	46	52	12	75	76	57	384	12	93	61	377	55	4	203	32	48	29	188	52	161	97	9	18	21	27	251	91	114	71	68	130	130	18	87	59	36	46	202	106
30	21	0	5	0	14	41	0	70	5	28	21	11	19	31	3	0	7	58	4	0	21	0	19	26	0	0	0	0	6	2	3	40	27	0	14	6	2	3	12	6	22	37	11	16	2	62	17	59	0
0	0	40	1	0	1	0	0	0	1	8	0	11	1	0	2	10	1	0	0	0	0	0	0	0	0	0	2	0	50	7	0	4	34	0	19	2	4	3	0	0	0	22	18	0	0	0	3	2	0
91	78	210	127	133	31	146	175	92	66	94	126	91	262	104	78	54	34	65	83	2	27	68	0	0	0	0	0	38	5	24	3	51	16	78	28	71	12	92	53	196	123	95	38	21	0	0	24	76	4
7	43	16	0	1	1	9	25	17	38	0	18	87	0	8	3	6	15	8	89	32	18	5	51	14	9	25	14	13	29	60	33	3	22	3	5	0	0	3	86	47	16	9	20	0	3	19	63	32	0
4	11	18	8	0	10	3	19	10	3	0	5	40	0	27	11	0	114	0	2	0	0	6	24	11	8	0	30	19	1	1	3	20	0	0	5	3	12	21	0	7	0	0	15	28	31	0	0	9	5
68	20	4	78	138	90	29	50	40	104	32	64	74	26	22	25	240	208	85	137	88	81	20	59	8	6	159	30	234	404	126	7	100	125	14	78	24	51	24	229	201	16	116	27	117	78	69	29	85	266
0	1	4	0	5	0	9	0	51	1	1	2	0	8	0	4	0	0	0	22	0	1	7	0	0	0	0	8	0	36	13	0	2	2	188	1	0	1	38	0	0	0	4	0	4	35	24	59	0	25
24	3	25	10	0	0	0	0	12	83	1	0	3	0	0	0	0	25	0	0	0	6	112	4	37	1	8	1	10	10	0	0	0	0	0	2	0	1	0	0	0	0	1	0	10	0	3	7	0	10
16	166	78	49	331	59	109	170	35	56	321	20	297	100	227	18	24	187	24	54	49	44	80	115	21	355	137	61	35	313	11	46	105	341	213	43	62	56	160	30	2	55	45	12	66	211	0	200	79	23
17	23	36	21	20	53	35	23	21	15	27	47	41	12	25	9	44	35	12	14	27	57	9	19	41	20	13	6	11	13	44	69	22	30	64	46	26	44	17	22	2	5	16	33	7	90	14	14	30	12
0	12	0	2	2	2	0	0	0	13	2	2	2	10	0	2	0	3	4	2	0	0	8	8	2	0	6	2	0	0	12	6	2	2	2	1	6	18	6	1	3	24	0	4	22	4	2	6	18	0
4	11	0	0	2	0	0	4	10	8	8	4	4	0	46	0	4	22	1	10	43	23	27	11	2	5	2	2	11	7	8	27	6	3	5	0	4	2	10	10	17	0	0	0	10	0	15	3	0	4
6	0	16	6	28	4	27	4	12	34	2	12	29	37	31	11	6	26	2	10	4	0	2	14	4	39	29	2	11	8	6	12	8	0	2	8	0	11	2	20	2	12	4	6	23	0	8	6	6	1
4	4	1	5	4	0	10	6	3	2	8	2	2	14	1	0	6	2	0	0	0	0	12	0	6	0	9	4	4	5	2	6	0	5	6	0	2	4	8	13	8	4	2	16	4	6	2	4	34	2
0	1	6	12	4	2	2	4	2	6	10	9	10	3	0	4	8	2	0	0	0	4	0	2	0	2	5	6	0	4	8	8	2	4	14	4	2	5	4	4	6	2	6	8	3	8	0	2	6	2
6	70	1	5	4	51	38	43	23	2	40	8	6	5	11	4	4	0	29	2	7	3	12	3	12	12	19	1	15	0	6	1	2	5	0	13	6	7	3	2	12	10	15	5	3	9	32	26	17	3
6	31	10	8	20	54	4	43	50	8	21	33	129	17	118	11	8	38	1	10	8	43	3	19	13	38	14	22	37	25	11	15	18	13	17	88	6	11	9	29	11	9	17	4	46	15	4	38	19	9
0	27	19	4	13	19	9	5	12	2	3	15	0	21	11	0	13	15	6	8	10	7	10	3	10	5	17	8	26	2	10	15	8	2	11	8	0	13	1	10	6	8	9	7	4	17	10	27	1	57
51	29	5	6	0	12	1	4	0	10	12	4	8	5	10	4	5	6	4	2	12	6	21	1	2	8	2	2	29	10	16	3	23	10	18	4	28	20	7	19	0	5	19	10	8	6	10	5	11	0
3	37	1	4	60	2	26	7	15	89	10	11	8	21	16	37	54	18	7	6	34	7	1	9	19	25	43	28	76	43	12	14	31	85	34	8	23	14	18	16	21	6	11	19	21	24	10	17	7	16
1	0	8	2	3	15	7	8	0	18	30	8	2	9	33	1	4	0	1	7	19	4	51	2	26	22	42	19	4	8	4	57	7	3	20	37	17	25	28	9	9	20	17	62	24	6	15	3	14	10
3	11	7	7	4	11	0	1	4	0	2	0	1	0	1	5	5	2	1	6	6	4	6	4	5	0	8	3	6	1	5	0	5	5	6	2	2	2	7	5	2	2	1	4	1	0	0	0	6	4
3	3	2	2	1	2	0	0	2	3	7	7	10	24	14	5	6	5	6	11	0	8	4	2	7	1	5	7	20	10	10	11	4	1	4	0	2	19	11	1	0	1	2	12	7	0	11	1	4	1
0	0	1	1	18	2	0	3	7	2	6	2	2	3	4	1	17	3	4	1	16	11	1	5	7	10	22	3	17	23	7	9	5	3	0	22	14	52	0	1	8	22	4	18	5	10	7	21	11	18
1	11	5	4	3	1	1	15	2	8	2	2	5	1	4	9	1	11	1	10	3	2	2	2	10	6	1	2	4	5	2	0	1	2	2	7	5	5	6	2	1	10	5	7	11	2	5	2	1	9
26	75	12	157	76	49	20	22	2	6	8	5	8	2	6	0	4	2	5	5	17	3	0	3	10	2	27	3	2	8	43	36	1	3	2	0	0	2	4	12	0	15	26	4	6	69	2	6	11	134
42	79	135	27	4	1	2	24	53	125	42	42	2	3	0	13	74	7	13	48	30	100	53	7	9	32	14	37	0	4	6	8	39	5	1	14	13	30	20	9	31	57	14	3	2	11	17	82	76	18
0	17	3	14	9	3	2	3	10	1	5	14	2	0	5	7	7	13	1	5	5	1	8	11	1	2	10	10	1	0	2	6	6	7	0	6	8	1	2	6	3	1	0	12	0	2	0	0	0	3
7	7	17	11	1	6	10	9	10	5	24	7	19	27	17	14	15	12	22	11	4	10	0	106	24	11	21	1	0	0	0	0	0	14	0	0	6	51	11	27	0	9	0	5	7	1	8	19	6	29
19	16	1	11	1	6	6	2	24	8	13	56	5	21	5	5	5	9	7	7	10	10	5	2	9	4	9	1	5	9	28	30	25	27	3	12	12	9	3	32	15	17	9	10	20	13	1	15	4	14
14	4	12	15	3	7	0	19	3	10	28	0	0	35	5	13	11	15	12	3	2	7	3	27	3	20	46	10	38	18	6	29	29	17	15	54	25	3	19	6	15	3	10	18	39	65	20	2	6	3
2	32	1	6	0	2	0	12	0	4	7	3	8	8	8	4	4	2	0	0	1	2	8	0	2	8	19	7	92	0	8	2	4	12	4	4	4	0	0	2	0	2	36	2	0	4	2	13	2	2
0	8	4	2	19	21	26	24	23	26	40	4	26	2	37	20	38	14	6	28	8	27	30	2	24	6	37	20	10	25	43	13	12	22	34	10	40	35	4	6	12	10	2	0	4	2	22	2	20	2
2	2	2	11	12	5	16	8	6	0	4	4	2	0	8	2	8	6	2	2	0	4	4	2	44	20	2	2	6	66	8	2	4	18	0	12	7	6	4	2	4	2	2	0	14	2	2	12	8	14
4	44	26	10	12	31	4	40	2	2	3	7	14	21	4	24	2	9	6	21	14	2	36	4	18	25	63	58	10	116	10	30	12	48	10	16	14	10	16	2	21	21	16	6	12	15	2	21	17	8
6	8	5	10	6	4	18	2	12	3	0	2	10	21	6	43	8	45	24	2	6	4	1	8	2	4	4	10	17	2	16	2	8	4	6	9	8	0	2	2	1	6	7	0	2	4	4	0	35	6
4	2	6	0	10	0	2	0	0	0	25	10	12	0	2	19	2	2	0	4	2	0	2	2	10	0	2	6	6	0	6	2	26	0	8	0	0	8	8	2	2	0	10	4	10	10	20	0	2	2
25	8	25	18	7	8	7	11	24	0	9	9	7	7	4	0	9	4	10	8	6	6	7	3	11	2	4	13	12	16	11	8	16	4	19	4	12	6	7	14	7	3	19	8	9	9	3	4	3	3
0	0	4	21	7	3	2	0	6	2	14	6	0	12	10	44	5	2	1	8	0	6	7	7	0	0	0	26	0	2	82	22	17	126	2	0	4	4	0	0	1	0	0	2	0	2	4	1	39	4
0	8	1	0	0	7	8	0	0	8	0	4	2	7	4	2	4	0	12	0	6	0	17	0	109	10	7	0	21	1	7	12	14	5	4	2	0	12	0	1	1	3	16	4	20	3	0	14	9	2
6	3	2	7	19	10	6	0	0	1	24	0	18	4	4	15	17	3	0	4	0	5	4	11	16	43	8	19	34	33	14	22	2	42	10	19	26	27	16	1	28	19	30	6	6	28	0	3	5	2
10	4	10	4	0	4	10	6	2	8	5	0	0	2	2	14	6	1	2	8	0	2	7	2	10	3	8	2	12	12	1	3	4	14	2	2	6	16	5	0	2	25	4	16	0	10	21	2	1	4
0	6	3	8	18	7	4	15	6	18	0	9	14	4	7	17	3	26	1	24	18	53	7	21	9	29	16	26	16	28	42	7	17	23	6	8	0	12	5	0	32	28	35	8	8	10	6	4	2	58
20	20	51	118	3	22	17	30	55	39	58	9	37	30	24	60	34	47	10	12	108	29	24	27	15	60	31	25	20	96	54	41	17	126	51	9	13	8	8	4	5	29	4	41	17	41	31	30	12	23
