sample1	sample2	sample3	sample4	sample5	sample6	sample7	sample8	sample9	sample10	sample11	sample12	sample13	sample14	sample15	sample16	sample17	sample18	sample19	sample20	sample21	sample22	sample23	sample24
78.4198113207547	66.0501981505945	78.3180026281209	71.5025906735751	73.2739420935412	80.0970873786408	13.9618138424821	77.1217712177122	15.8931082981716	80	75.3926701570681	70.2702702702703	87.8338278931751	14.0845070422535	5.22565320665083	41.4261460101868	78.7172011661808	82.3643410852713	70.7317073170732	59.8705501618123	62.7062706270627	76.8637532133676	77.0528683914511	71.2393566698202
46.6691068814056	9.83039113880235	31.3731931668857	23.015873015873	20.9085252022402	71.0044219835755	5.1792828685259	58.451290591174	8.23779193205945	51.3564668769716	37.54674644727	32.6444340065759	60.9712230215827	23.1447465099192	5.37780803267529	27.9759669545625	54.1358024691358	39.1554702495202	23.0976430976431	19.304347826087	45.5167693360712	29.0862944162437	42.7672955974843	57.7148958889482
36.1672025723473	7.76859504132231	49.3594985009539	12.0770362444831	14.5088884898546	59.7315436241611	9.54024575452161	52.5923016496465	35.4640861387488	44.5214521452145	34.004699563612	35.855675269356	64.374185136897	19.8300283286119	5.56666666666667	31.2810945273632	64.5161290322581	49.5059288537549	15.2617568766637	27.021144278607	46.6094032549729	39.0194075587334	32.535046728972	58.0157992565056
46.5833945628215	16.3404255319149	33.256351039261	32.1167883211679	18.955223880597	57.9100145137881	16.7695473251029	43.9252336448598	11.2719751809721	52.3897058823529	40.4805914972274	14.6938775510204	66.2079510703364	23.8095238095238	14.4901610017889	33	50.7067137809187	57.7658303464755	18.5185185185185	29.9727520435967	47.0954356846473	39.2063492063492	45.2856159669649	32.6901248581158
59.5197255574614	23.9495798319328	63.5514018691589	66.4488017429194	47.1641791044776	88.7052341597796	65.7142857142857	67.9245283018868	40.0709219858156	85.286783042394	55.4455445544554	76.3500931098696	88.3838383838384	32.0512820512821	2.88461538461538	47.6968796433878	76.9436997319035	63.0931458699473	25.065963060686	47.3684210526316	70.5570291777188	68.3646112600536	57.9020979020979	69.0677966101695
76.8911917098446	50.7626438319508	75.1103265666372	76.1484098939929	69.1380908248378	90.7450980392157	67.8696158323632	83.2666132906325	69.1269506537326	79.5744680851064	78.2971619365609	73.5245449531164	83.2740213523132	52.0694259012016	40.8831908831909	65.8860265417643	83.6352279825109	75.4978877489439	11.7848410757946	66.8453292496172	76.6417290108063	80.2867383512545	79.7348484848485	77.5786924939467
73.8309352517986	9.46244477172312	58.4584178498986	77.3525438991445	65.6357388316151	91.7220990391722	11.6642958748222	54.0625	11.9450317124736	41.9550173010381	43.7984496124031	28.8683602771363	77.6432606941082	55.9642147117296	40.4919583727531	28.6324786324786	61.9887730553328	59.952526280095	73.1868131868132	22.7777777777778	68.2730923694779	22.3702664796634	84.011953679492	72.5769854132901
55.7903879559931	8.14814814814815	38.5839483394834	55.7420494699647	24.9559082892416	75.0330250990753	8.1193838254172	29.0415704387991	10.6860959319976	24.1395568128241	24.0789473684211	23.0110595790225	45.9415584415584	26.0869565217391	5.65936999466097	24.2005628037861	40.7439824945295	42.7968923418424	29.890590809628	21.8826405867971	45.2830188679245	14.3472022955524	65.7795572303344	40.1623502126015
67.6246830092984	12.8482972136223	46.2408850892633	31.0016330974415	35.9441644048081	68.6046511627907	36.3944617123481	49.5914519170333	25.1487710219922	45.3443526170799	39.9887829500841	38.4522370012092	58.8132635253054	35.8832410669351	11.178247734139	41.3771320277953	55.5813953488372	53.4993397472175	32.7996118389132	25.9789156626506	42.627824019025	46.0353420933394	76.3711911357341	55.3827751196172
57.5846833578792	3.2166508987701	25.3846153846154	5.89595375722543	11.9584055459272	48.3992467043315	38.1021897810219	36.038961038961	2.11565585331453	20.9708737864078	22.4056603773585	37.7358490566038	51.2875536480687	5.52884615384615	3.65168539325843	23.2558139534884	40.5172413793103	53.328173374613	8.53889943074004	4.11764705882353	19.4174757281553	43.4567901234568	56.1797752808989	50.251256281407
64.0409207161125	9.35424354243542	45.1317073170732	21.5338553661907	42.0608108108108	67.5494071146245	46.9221835075494	62.1097954790097	19.3063228974831	43.4180138568129	32.4373576309795	54.7261815453863	72.156697556866	38.5456273764259	17.4284279256655	43.9861551773868	56.3075506445672	56.889661164205	36.9817578772803	24.1703539823009	45.6463195691203	63.5586635586636	75.8507585075851	64.3086243763364
75.1333606893722	10.2181818181818	65.5907429963459	33.5460710011967	35.3794103431609	81.8551668022783	64.5346453464535	61.003861003861	26.1887072808321	67.0405522001726	43.3191489361702	46.1668545659526	84.2287694974004	40.194489465154	9.69387755102041	64.2504930966469	70.0973574408901	63.0872483221477	50.7201001878522	46.1355529131986	50	67.4357284113382	83.695652173913	76.5389082462253
32.8007101642255	6.61710037174721	24.2328042328042	11.1223458038423	9.04729266620973	47.8175895765472	13.0815292491939	30.1092043681747	8.85416666666667	18.4775936157152	32.8286304198211	12.6569037656904	44.9016100178891	16.8792198049512	2.65273311897106	24.7943595769683	32.1589205397301	31.2967581047382	5.67144719687093	17.5687666370896	23.8950276243094	14.9597238204833	57.3822825219473	33.2354511478911
63.4364820846906	7.70114942528736	38.695652173913	19.1649555099247	27.8388278388278	64.2237982663515	24.0174672489083	32.5153374233129	6.5439672801636	24.3511450381679	36.6071428571429	20.5266711681296	53.3489096573209	24.1791044776119	9.42956926658906	24.1527446300716	44.2812982998454	33.9274347549332	17.7653631284916	20.4485488126649	29.2938099389712	16.3221667854597	61.7753623188406	44.8688449148642
59.5924561023195	9.99043062200957	42.2727272727273	22.5710900473934	27.7623542476402	76.2906309751434	30.2593659942363	47.7975632614808	11.9636776390465	43.6123348017621	26.6079632465544	18.4288245717661	54.6099290780142	30.5684995340168	15.8821121571838	36.0722462477741	45.8732498157701	45.9728637413395	16.8634064080944	22.9146221786065	38.7596899224806	35.1415899010577	79.851133806474	48.5911083281152
67.7320691237192	15.350562335487	56.6844919786096	37.7051844628636	47.9464914339357	84.6484572584724	36.6282894736842	62.5486725663717	31.4872325741891	52.043301759134	52.241238793806	38.1781781781782	72.1069868995633	47.2716829408386	27.3963935463461	50.4256307073208	68.7841707888571	60.6921675774135	59.5306388526728	34.4516129032258	48.1795354676711	36.0541044776119	81.8825612275007	66.5479634987759
72.680412371134	13	57.5394321766561	36.1687413554633	55.2140504939627	76.9716088328076	47.6280834914611	70.2127659574468	26.4749262536873	67.2727272727273	53.9597315436242	47.7683956574186	72.4475524475525	49.5867768595041	31.2720848056537	49.2372881355932	67.9465776293823	71.4741883980841	59.0189873417722	33.6810730253353	50.2608695652174	54.0540540540541	68.5144124168514	70.8011583011583
64.4179104477612	7.91415157612341	59.8535692495424	31.1377245508982	23.2062780269058	67.9296346414073	17.1353826030085	60.5504587155963	22.1122112211221	52.912019826518	68.8679245283019	30.7203389830508	75.0309023485785	70.197486535009	9.20840064620355	42.5583266291231	71.8223583460949	63.7001078748652	7.02341137123746	28.448275862069	50.5197505197505	25.3948967193196	56.7086730911787	65.1239669421488
52.4410774410774	6.85111989459816	45.9244532803181	36.7465504720407	14.1942369263607	31.2997347480106	9.25470925470925	58.4942084942085	6.02928509905254	55.4269175108538	63.7048192771084	25.527192008879	80.1955990220049	22.2882615156018	9.7799511002445	40.6354515050167	65.1360544217687	64.2097802976612	7.58988015978695	26.4084507042254	51.9455252918288	41.0539215686275	54.7538200339559	68.6875891583452
57.0156846121238	9.86842105263158	39.4773812868783	25.2183820736802	32.422293676313	61.8591934381408	20.2589807852966	52.2666666666667	10.6332138590203	41.5896487985213	46.3394342762063	32.3199251637044	65.1254953764861	35.7941834451902	10.3973509933775	31.3716814159292	62.5473843821077	52.8886241810602	52.2367515485203	20.3305785123967	44.6428571428571	14.8454746136865	77.7960526315789	52.8335451080051
61.9307832422586	11.2956810631229	49.0566037735849	22.5548902195609	26.3157894736842	88.5375494071146	18.5770750988142	49.2957746478873	24.1735537190083	28.0334728033473	29.5336787564767	30.8510638297872	66.6666666666667	21.9895287958115	10.655737704918	35.207100591716	57.7114427860697	65.3370013755158	47.2477064220183	30.1980198019802	53.2894736842105	39.7321428571429	87.0216306156406	60.4961832061069
54.2241379310345	6.56565656565657	25.0403877221325	21.6138328530259	10.6578947368421	69.2660550458716	25.8782201405152	22.7777777777778	15.1639344262295	38.5333333333333	25.2584933530281	16.9245647969052	52.4930747922438	13.7741046831956	6.81458003169572	32.2527015793849	50.367107195301	39.6694214876033	15.9379407616361	10.126582278481	23.3226837060703	20.6825232678387	68.3347005742412	43.8730853391685
60.9880749574106	9.12220309810671	44.4253859348199	26.8244575936884	10.831234256927	68.7134502923977	23.8747553816047	25.5192878338279	8.46846846846847	44.9029126213592	39.6363636363636	40.0871459694989	63.953488372093	19.9395770392749	6.640625	37.3534338358459	60.2272727272727	34.9397590361446	5.30973451327434	26.6917293233083	40.0641025641026	28.287841191067	64.9373881932022	52.7104959630911
65.4017857142857	6.52591170825336	27.7641277641278	8.17941952506596	9.45121951219512	82.5396825396825	8.82352941176471	37.1794871794872	4.14847161572052	16.1111111111111	31.5270935960591	21.5017064846416	41.6666666666667	34.9593495934959	1.02040816326531	22.8882833787466	43.9814814814815	28.5178236397749	5.71428571428571	14.3884892086331	22.5	15.8064516129032	85.4166666666667	31.3356164383562
63.5159010600707	6.49087221095335	28.4823284823285	24.484052532833	10.1635514018692	84.7583643122677	8.48979591836735	49.1961414790997	2.03160270880361	35.9550561797753	43.4108527131783	26.2786596119929	42.4657534246575	23.3273056057866	2.52100840336134	17.4185463659148	58.3132530120482	47.5063938618926	5.60344827586207	19.6304849884527	36.5671641791045	25.7602862254025	92.1022067363531	38.6548913043478
85.8260869565217	3.43567251461988	74.775397373877	37.1764705882353	23.6693091732729	88.2629107981221	14.8316062176166	63.4441087613293	23.3308877476156	51.8446601941748	72.3809523809524	49.4325346784363	70.4309063893016	35.1181102362205	4.52586206896552	35.9147025813692	61.980198019802	64.0365923384791	29.5518207282913	40.9509202453988	57.6923076923077	26.2699564586357	68.2432432432432	74.6630727762803
78.8967286722258	4.78468899521531	30.4832713754647	13.9320667818077	28.701406120761	83.0860534124629	8.21406347230865	47.3533619456366	3.87228260869565	19.5842450765864	26.6225165562914	25.0752256770311	60.4968944099379	36.5853658536585	30.4172274562584	24.0819209039548	43.0851063829787	39.344262295082	14.3167028199566	17.4922600619195	22.268326417704	10.5809128630705	74.9465811965812	44.3192488262911
68.3484055211804	9.58672086720867	44.0013750429701	27.3572938689218	24.4751049790042	88.3650190114068	20.3430204859457	36.8340943683409	15.3368794326241	36.4010989010989	34.8751835535977	23.110151187905	56.2322946175637	27.1317829457364	15.3383458646617	26.6034327009937	52.4381625441696	35.8204134366925	22.5277940315974	17.4688057040998	34.8247576435496	24.4530244530245	59.4297492270697	49.6238581407845
69.9076110866696	11.5251026207768	54.2884990253411	41.9966301600674	13.1750741839763	85.0323624595469	22.7753822030576	67.7828054298643	19.2871287128713	64.9916247906198	59.9397590361446	20.3767972235994	74.8071979434447	38.4963768115942	10.4832713754647	30.4147465437788	77.1819137749737	63.5630043451272	55.8287073750991	32.9383886255924	57.3636363636364	42.4966799468791	85.2331606217617	56.846000569314
71.136567834681	9.69499555818774	54.234871031746	34.4971220842169	40.339558573854	74.9914432401597	36.0894611995934	57.5047040092633	19.3713919178961	45.3135689851767	43.2132618721177	34.63818575327	66.6377157746173	39.933598937583	27.6784457271575	43.4867190422746	61.7435557030645	52.3862832901249	51.9906626896641	22.9067245119306	43.5652510649284	35.2312456298072	73.5640408508424	56.698304029874
77.2368421052632	30.952380952381	81.4651368049426	75.1351351351351	36.046511627907	87.5394321766561	74.2899850523169	77.2256728778468	61.5686274509804	74.5954692556634	83.1560283687943	83.2116788321168	83.5034013605442	66.1322645290581	30.8290155440415	54.9714285714286	83.6864406779661	72.0070422535211	71.4795008912656	30.6122448979592	83.9248434237996	44.2384105960265	73.7601442741208	74.1911211437171
74.2456140350877	24.6828143021915	81.0920121334681	71.2133891213389	42.093023255814	89.5739910313901	60.4415823367065	78.826895565093	70.0723327305606	84.3115124153499	82.4436536180308	75.1004016064257	84.5309381237525	45.6334563345633	42.9521276595745	74.8067010309278	85.6666666666667	68.9856957087126	51.2717536813922	55.7835820895522	79.228855721393	83.6557059961315	74.251497005988	73.7931034482759
73.6842105263158	17.8494623655914	77.5837988826816	72.1639656816015	24.6835443037975	87.551867219917	78.9915966386555	72	75.4084967320261	84.3648208469055	75	77.8774289985052	81.1965811965812	28.2208588957055	21.0287443267776	66.0907127429806	84.8771266540643	78.4562211981567	21.1994421199442	74.3341404358354	81.1447811447811	84.5360824742268	53.5515320334262	85.8823529411765
51.7336485421592	6.33863965267728	36.9069854314531	57.0746527777778	14.5662100456621	86.8824531516184	52.3640241734803	67.6143386897404	30.3556992724333	68.5265911072363	38.1787802840434	50.3174603174603	49.5306859205776	19.8473282442748	7.31707317073171	30.8563661078387	49.0625	66.0667019587083	12.0407009609949	54.3478260869565	57.5328614762386	56.7642956764296	27.3029045643154	65.9776055124892
68.5082872928177	13.5283363802559	62.582056892779	74.2316784869976	16.6666666666667	87.5555555555556	69.8275862068966	80.4545454545455	62.3229461756374	76.0869565217391	68.5258964143426	76.8392370572207	62.3430962343096	26.7782426778243	24.1573033707865	52.6905829596413	73.0434782608696	68.2464454976303	23.1707317073171	70.414201183432	70.9677419354839	78.5211267605634	51.5274949083503	73.2673267326733
35.3395061728395	67.8489702517163	40.6659012629162	19.2632850241546	43.0451127819549	51.937984496124	24.9236408063531	25.1237623762376	33.8294573643411	19.919719016558	38.0925185608224	60.9287429943955	30.2292934019654	51.5191545574637	81.5176558978212	60.0965107646622	32.967032967033	32.899893124332	55.3285968028419	32.2894919972164	26.5557939914163	32.89592760181	36.7729831144465	24.4709712425393
62.5530110262935	6.96405648267009	61.8919825561892	20.4347826086957	24.4585987261147	72	49.0857946554149	48.2260183968463	71.3372664700098	34.6865364850976	37.0291777188329	54.4598612487612	64.1385767790262	39.9171270718232	5.65642458100559	52.6007326007326	57.1829405162739	32.3517864153907	39.5902181097158	39.1472868217054	36.1320208453966	27.2270443124714	64.1149982680984	42.4278488545076
82.8248587570621	7.47767857142857	71.8791064388962	13.0090497737557	25.8064516129032	83.013698630137	58.9312977099237	68.135593220339	21.2536728697356	49.4413407821229	52.1400778210117	65.1960784313726	73.1070496083551	22.7091633466135	3.40425531914894	73.758865248227	54.5248868778281	47.0940170940171	58.9928057553957	56.7567567567568	40.8304498269896	24.7093023255814	68.6922060766182	54.3121149897331
70.4471544715447	6.02240896358543	63.7570394207562	17.7181715149226	30.4985337243402	72.0348204570185	50.8337088778729	63.7037037037037	11.4311842706904	41.4951245937161	20.4007285974499	61.4069690992768	46.6666666666667	15.4545454545455	4.35897435897436	71.684350132626	37.956204379562	44.2970822281167	47.7720964207451	41.2383177570093	33.0285714285714	26.3650546021841	53.3499643620813	41.240478781284
54.1951023685267	16.4547766073375	54.9985839705466	27.6708191770479	28.2620179609086	67.966903073286	34.6117424242424	58.0170410534469	52.0343580470163	47.8440637920851	44.5480631276901	35.1041666666667	70.4950495049505	41.0846953937593	30.4444444444444	54.0175019888624	61.072988147224	53.7838679539084	39.4685677252106	31.7939609236234	47.6124567474048	50.0860585197935	77.2727272727273	58.4011155008134
55.4206226540075	8.46674368707708	53.2346922713679	19.879392805157	17.4727932285369	63.5922330097087	44.2943374532912	53.6460554371002	32.6873079650201	51.786941580756	36.6952789699571	27.691524560957	56.1790463833928	27.7733755942948	4.77669902912621	46.8910806174957	50.8097928436911	46.8243010010356	21.6521458535011	18.9189189189189	38.4238464679461	32.6337570203961	57.7330324596424	43.451339345807
55.813704496788	8.44042056074766	39.8737399450158	17.1660567246112	28.7369267900241	67.9964539007092	13.2215336006805	45.3458582408198	8.48580087551914	43.2199546485261	39.4382679929783	32.9127811300055	64.6245969599263	30.8152173913043	9.02315677402183	42.537207654146	57.1670702179177	52.2936547798426	31.2263521032718	25.5825864276568	29.83468905799	24.1584852734923	49.8394219189081	49.5574453314821
54.1013824884793	5.05816894284269	26.317785362154	14.5363408521303	18.2398864442867	68.3069224353628	7.59423503325942	35.6205852674067	3.14363143631436	12.4148372445117	22.8876127973749	37.1829105473965	51.7335766423358	20.6958073148974	4.4839255499154	31.1755567063698	33.8589211618257	37.153024911032	26.6382978723404	16.8997668997669	17.4157303370787	9.66981132075472	55.1650235747964	28.8834951456311
62.3400533922489	8.88913757087437	38.6606533767907	27.3343233710785	31.8469674218189	72.4450194049159	27.149609644697	55.074653394952	10.3344643722734	41.9402151138427	50.0309166795486	58.9196496796567	69.1449285663516	38.1740299008903	9.78851963746223	56.3475126855409	62.2381052484059	51.2900288359387	36.8517745302714	21.6747365422956	29.8252337881343	17.8979980934223	60.6661571261917	53.242214532872
58.3086053412463	10.53276178812	38.5807990459153	25.9969325153374	17.2327044025157	64.7951441578149	30.8747855917667	60.8208955223881	9.44816053511706	52.1870286576169	53.4926470588235	52.183908045977	57.9925650557621	28.0245022970904	4.84375	64.1711229946524	57.0982839313573	57.7571179546775	25.9950248756219	28.1059063136456	23.589001447178	20.0294550810015	63.1748071979434	55.3892215568862
69.9753390875462	16.7826086956522	47.1052631578947	47.5872689938398	44.973544973545	86.8810289389068	47.9485609308022	80.9931506849315	5.29761904761905	58.2545454545455	84.0891621829362	82.2643614054657	84.1644204851752	40.2640264026403	17.5168431183831	80.8080808080808	87.0921985815603	65.9514398644833	64.3149284253579	22.39336492891	29.5003422313484	19.8013656114215	72.4556489262372	73.4495338467775
60.2654867256637	9.01106050748211	32.5443786982249	26.9367088607595	15.5555555555556	78.6650774731824	30.7569296375267	74.6018440905281	1.26326427488631	50.8827238335435	71.1287988422576	78.698224852071	77.9987569919204	16.1861074705111	5.89760207388205	62.059620596206	82.6165960024228	55.9486780715397	30.8943089430894	11.76	16.0972404730618	11.8012422360248	59.2579628981449	59.7214923804519
68.2393555811277	12.5533731853117	38.4406165004533	37.1455576559546	13.6887608069164	82.7225130890052	28.2269503546099	80.0486618004866	8.63509749303621	54.2743538767396	73.4649122807018	80.1724137931034	78.1716417910448	20.0364298724954	11.472275334608	72.0053835800808	80.3468208092486	60.0888888888889	12.5233644859813	15.2492668621701	25.5102040816327	18.6594202898551	70.9426627793975	62.5325238508239
72.3765432098765	7.62942779291553	34.2857142857143	27.0833333333333	24.1379310344828	86.6492146596859	38.0753138075314	81.5384615384615	2.77777777777778	51.7730496453901	70.8029197080292	81.5845824411135	85.2097130242826	19.7777777777778	8.60759493670886	76.497005988024	81.2820512820513	59.375	8.71559633027523	14.3302180685358	15.7894736842105	13.3333333333333	78.463476070529	64.5080946450809
74.945295404814	16.5169855525185	46.9327420546933	46.6397170288024	41.7920656634747	87.9807692307692	53.2160194174757	77.8989098116948	4.8248133256749	67.7265500794913	75.251509054326	82.8612926652142	81.2267657992565	41.0636442894507	22.7228207639569	76.8151311775473	85.207100591716	70.5792682926829	49.867139061116	25.4947613504075	28.1904761904762	25.7477243172952	77.9697624190065	69.43407960199
62.6653601175894	11.9243421052632	42.2467263955892	52.280701754386	22.0779220779221	85.1552795031056	46.3815789473684	81.5632965165675	2.85714285714286	62.9185091598231	70.7566462167689	78.0130293159609	78.1628162816282	41.8006430868167	9.42249240121581	76.9518272425249	80.4117280099813	63.9616055846422	59.967845659164	16.8103448275862	21.4566929133858	23.4926052332196	63.7315748642358	67.8300455235205
66.3551401869159	9.391771019678	34.2929720575783	50.9411764705882	17.4366616989568	85.3741496598639	25.5944055944056	55.7809330628803	2.82051282051282	54.0780141843972	41.1214953271028	66.3323782234957	62.987012987013	21.1111111111111	6.2962962962963	65.3128430296378	57.4171029668412	51.7943743937924	18.9083820662768	20.9876543209877	18.5654008438819	21.8905472636816	73.1870229007634	51.1980830670927
71.9183131819522	16.1572555114258	36.170563055647	40.4649473301853	34.9074266694404	83.4952540480179	43.9704967564205	78.2376126126126	6.29927286643705	60.8922021062596	70.785490605428	78.262888992104	76.9800066276373	39.7614053487153	8.71391787505082	72.5890628545496	79.4665734917307	66.8907457435446	46.7763890607598	21.4469840178725	25.7503751875938	19.6347909658818	71.7439158615629	66.5091890769391
54.2466550319953	7.73425880019831	29.6738265712013	18.7843616371411	14.9016324822101	56.1819043107532	15.4973821989529	55.3535353535354	3.83386581469649	30.0446428571429	40.9631391200951	43.4587080948487	62.59765625	24.0480961923848	3.63210310486233	31.0378912685338	63.3192389006342	45.505749823985	10.7054760730143	14.4486692015209	18.8423645320197	13.9868744872847	59.2647937836222	47.4520994700367
61.6151787886159	16.4961185603387	33.8128218788847	23.6202156904208	30.3123086344152	63.7194127243067	20.1013941698352	71.7062634989201	3.24027916251246	51.2639029322548	58.8255977496484	76.552492341966	72.5930680359435	32.011447260834	8.11220621683093	34.2315154128045	70.747849106552	58.0443241414312	39.2807745504841	19.9816681943171	17.67143933685	14.1402385801571	62.1508124885886	51.9175911251981
73.738680465718	15.6936261381896	40.7901761879338	40.6644518272425	14.6754468485419	75.6632064590542	14.8310387984981	77.7936962750716	6.09243697478992	66.4268585131894	72.8571428571429	78.6333012512031	80.5359661495064	39.0751445086705	8.48484848484848	57.8696343402226	82.1965317919075	71.4139867279224	15.0505050505051	31.0495626822157	23.5123367198839	22.2910216718266	81.2129202373105	71.9542109566639
78.6666666666667	12.0503597122302	27.1863117870722	44.8979591836735	12.316715542522	84.5659163987138	15.8415841584158	78.6516853932584	1.68634064080944	51.6746411483254	58.5585585585586	80.1470588235294	73.3990147783251	15.4121863799283	5.82959641255605	56.1561561561562	75.3554502369668	73.3983286908078	15.3094462540717	37.5	17.741935483871	25.8064516129032	86.5853658536585	69.7933227344992
61.7826546180026	14.8258342106468	40.6135378459486	37.2074839430327	38.0064897246027	78.5769528228925	23.1077025675225	59.4136972453879	6.34950133184662	49.3792159546388	53.013202725724	59.7745243873796	63.0763307344306	36.0803561237302	15.3007386563489	52.4512884978001	58.3300550747443	51.9247143177235	32.5380661429541	24.4609164420485	24.9259137306553	18.6960132890365	77.6023362866901	53.7326388888889
70.5691056910569	17.9292929292929	44.0111420612813	38.6581469648562	33.8028169014084	90.9307875894988	12.4463519313305	81.8181818181818	3.76569037656904	56.6137566137566	64	81.747572815534	73.8903394255875	23.7142857142857	4.40414507772021	75.7071547420965	72.7034120734908	65.3508771929825	18.1564245810056	32.2222222222222	22.1951219512195	14.9892933618844	76.3358778625954	59.7168597168597
61.0783869506117	7.25865880619012	16.2423807816422	27.7590564448189	10.4916067146283	75.7836990595611	2.95519542421354	76.4832793959008	5.51964196916957	53.2423208191126	25.4212454212454	47.324306898775	50.631970260223	21.0191082802548	7.36040609137056	43.1268151016457	46.9387755102041	28.4881461329188	8.16876122082585	15.5505107832009	9.6656976744186	9.96332518337408	60.4632263307599	16.7557932263815
74.8475289169295	26.7578801524073	71.2418300653595	69.9777912376338	38.5453554889676	83.0829756795422	71.288056206089	79.4743429286608	4.7942299533305	77.1897810218978	73.4315948601663	78.4911717495987	78.8272583201268	43.2291666666667	42.8571428571429	77.2263120398955	80.9242529534399	72.3544145272386	53.4815895005468	62.7263045793397	31.7789968652038	69.5400450305564	74.8476363037391	71.9034482758621
82.1454812637766	43.2650527622595	83.3146696528555	80.2147239263804	64.0117994100295	89.4308943089431	77.3620205799813	86.4253393665158	14.6579804560261	85.78125	81.5315315315315	89.9012074643249	87.5148632580262	68.3834048640916	34.136546184739	87.4476987447699	89.3805309734513	81.3266443701226	80.2736602052452	70.746887966805	59.6418732782369	66.0074165636588	87.0338496844521	80.8070356958096
73.3149931224209	29.5448531357502	73.1053351573187	72.2250639386189	61.2781065088757	86.2281350086228	68.1546347714652	75.4658385093168	7.55339805825243	74.2279942279942	66.3423010875787	73.5312831389183	72.820763956905	49.2316613511163	34.5830639948287	81.1131539361524	70.162192393736	68.2216529594176	59.5888558290506	51.689497716895	41.5025749772796	58.3943329397875	73.7563382211868	66.8290472414184
72.884012539185	16.2523900573614	63.5087719298246	53.9877300613497	24.9146757679181	73.828125	52.5700934579439	82.6530612244898	3.65535248041775	74.7081712062257	48.868778280543	40.3846153846154	73.6059479553903	30.0546448087432	4.54545454545455	65.1685393258427	48.8479262672811	70.3282828282828	21.1155378486056	29.5180722891566	36.4485981308411	44.5945945945946	72.7272727272727	68.7045123726346
61.3051198579461	10.8944099378882	46.4140730717185	43.9311594202899	29.1817359855335	63.6410788381743	31.0888004154405	67.5931981687377	3.79746835443038	50.6897484446849	47.3669775095996	60.3998203054807	64.4790602655771	28.875	10.3390957446809	65.4228004108182	69.7478991596639	54.2701322812718	30.1754385964912	29.3785310734463	24.0688575899844	19.5818345323741	56.6895151053567	55.8426850612581
78.4610630407911	13.2139399806389	69.4626168224299	65.8786936236392	50.6855373728439	88.6120996441281	70.1504676697845	78.0977896851976	2.9178674351585	62.8387096774194	63.7037037037037	80.3222094361335	84.0105540897098	51.1483550589696	15.7596371882086	80.4581742450538	82.2222222222222	72.6021214172873	70.9480122324159	38.8520971302428	23.6172566371681	22.344477359289	84.3965975544923	63.3640059918682
65.2173913043478	6.48648648648649	36.734693877551	39	20.3252032520325	79.8076923076923	6.18556701030928	50	2.12765957446809	27.9461279461279	52.5691699604743	55.3977272727273	66.1654135338346	42.8571428571429	8.09523809523809	45.0121654501217	65.2014652014652	48.8215488215488	16.7364016736402	27.1889400921659	27.8388278388278	4.31893687707641	77.6978417266187	54.2253521126761
67.7897574123989	4.71204188481675	33.7230215827338	25.7062146892655	28.3236994219653	76.221928665786	13.1313131313131	49.9047619047619	9.13770913770914	21.577380952381	42.4749163879599	40	58.7795765877958	28.3168316831683	5.24109014675052	39.2307692307692	57.4074074074074	47.3489519112207	8.68794326241135	20.9631728045326	28.955223880597	9.71830985915493	59.7752808988764	49.0566037735849
59.8113891911498	7.32519422863485	28.3288650580876	24.7229916897507	29.3103448275862	66.9921875	7.19305498139727	47.4693251533742	3.50162866449511	27.0955165692008	51.4181818181818	31.8921668362157	57.3748308525034	27.7939042089985	4.83193277310924	23.0889235569423	63.5980323260717	42.6486784140969	13.9141742522757	19.8606271777003	25.2726106478512	11.3468634686347	50.4753416518122	47.9123711340206
63.2057662605114	5.81500451943356	29.6604657213477	38.3377571333776	16.9604086845466	75.531635599895	9.06581740976645	40.5203349282297	3.28435609334486	21.3914335231493	38.7503352105122	45.5531453362256	62.158273381295	18.8819506393101	4.64177598385469	30.8940283051433	64.9416135881104	32.9254727474972	23.7700059276823	14.6115466856736	21.1095700416089	11.0527517698105	64.5130049806309	33.3333333333333
49.4897959183673	4.46428571428571	28.6099865047233	29.7770700636943	19.4767441860465	73.8177623990773	10.2915951972556	47.7231329690346	3.90738060781476	27.9187817258883	44.3890274314214	37.2881355932203	67.6638176638177	19.7115384615385	4.78359908883827	34.5170454545455	59.2447916666667	37.785016286645	9.48275862068965	14.5985401459854	33.2863187588152	10.8602150537634	48.7695749440716	33.7526205450734
61.1450159837257	7.57995467136741	31.2219333490901	16.9433465085639	54.8433048433048	79.731308411215	13.6938202247191	38.9042995839112	5.07712082262211	43.4056761268781	38.3985973115137	75.8426966292135	50.2049180327869	24.3093922651934	7.34861845972957	29.5148247978437	51.5920129519698	44.1411451398136	19.9877750611247	19.6363636363636	22.0245398773006	11.6341030195382	78.3224115334207	52.4365596227263
59.272997032641	18.0684454756381	46.0059171597633	50.8171206225681	27.799016930639	75.3030983385721	42.7159432746025	55.9776536312849	31.0671936758893	62.6132570338579	47.4262868565717	57.6072821846554	62.5	27.7988101676582	18.6299615877081	43.3446049800184	52.8389830508475	44.5203018325548	39.5362663495838	41.3240418118467	59.4665271966527	44.7389240506329	53.7652088128905	57.3322286661143
67.1682626538988	42.0879120879121	69.6011004126547	67.0715249662618	24.0694789081886	91.5632754342432	62.5189681335357	66.1742983751846	72.7636849132176	85.6584093872229	69.8453608247423	80.1360544217687	81.8858560794045	46.5677179962894	9.34782608695652	81.4039408866995	75.812274368231	59.577677224736	10.1731601731602	54.8689138576779	87.2990353697749	65.7205240174673	52.9209621993127	58.9700996677741
76.4131760878406	55.7424118129614	63.5501938819474	80.31212484994	11.6382036685642	85.6362217017955	68.7692307692308	82.9545454545455	72.2171532846715	81.71875	69.5751138088012	78.0277961614825	80.790273556231	72.463768115942	46.9608659450458	48.0042575838212	82.4175824175824	71.9782355227361	76.5231519090171	61.8547681539807	72.6040658276864	81.8477553675992	73.3102253032929	76.5055762081784
59.6786534047437	18.0461329715061	39.8628795298727	66.7015706806283	13.5212888377445	65.7364341085271	15.4313487241798	55.8823529411765	9.96602491506229	43.9853076216713	19.0156599552573	16.1662817551963	49.94640943194	29.4484911550468	9.51965065502183	26.9796380090498	29.8839458413926	40.5783582089552	39.5967741935484	19.6919691969197	33.3333333333333	16.7247386759582	53.0552861299709	41.9103313840156
36.0618202633085	17.0034499753573	59.2707870164518	43.299620733249	12.2605363984674	73.2673267326733	51.9083969465649	45.8106637649619	61.6387337057728	67.4959871589085	23.6619718309859	63.9226914817466	44.9139280125196	24.761077324066	16.9811320754717	57.1720265441552	26.5335235378031	58.9322381930185	14.7507629704985	38.2801664355062	55.3571428571429	42.5018288222385	23.2065479056331	44.5158985351911
60.9154929577465	60.6132075471698	40.8893709327549	74.4336569579288	19.1449814126394	72.636815920398	69.3998309382925	65.8747300215983	60.573199070488	74.1641337386018	12.0137299771167	37.2677595628415	36.1581920903955	8.11808118081181	2.41610738255034	57.9933847850055	78.8553259141494	61.0057344508161	2.28136882129278	59.6491228070175	70.3757225433526	72.4238026124819	29.1147540983607	56.7139737991266
60.548885077187	46.4975845410628	45.6969696969697	80.8318264014466	25.9336099585062	72.8232189973615	60.082304526749	64.5901639344262	51.0763209393346	77.3006134969325	16.3855421686747	46.969696969697	40.7317073170732	13.7614678899083	12.1951219512195	56.7567567567568	71.3310580204778	52.5555555555556	8.16326530612245	52.7439024390244	62.6959247648903	71.6374269005848	38.6806596701649	57.8199052132701
63.7119113573407	38.7012987012987	75.3532182103611	69.6629213483146	54.2465753424658	80.440097799511	62.6134301270417	69.7560975609756	63.2978723404255	74.5283018867924	62.7450980392157	70.5882352941177	73.3480176211454	36.4130434782609	5.38720538720539	73.5185185185185	74.3119266055046	64.6135265700483	50.1416430594901	55.6231003039514	76.566757493188	72.4288840262582	63.0723781388479	72.2916666666667
63.6006289308176	30.8972503617945	66.0251665433013	69.5321001088139	37.1232876712329	82.5773195876289	39.7391304347826	63.412017167382	35.8070500927644	62.603305785124	49.6863237139272	49.740932642487	58.3078491335372	45.7293035479632	26.8630849220104	64.5226811103588	61.437908496732	53.6115569823435	11.6945107398568	50.4215851602024	69.3110647181628	60.0405679513185	57.0982839313573	43.7776373973468
59.1444783937145	21.9941348973607	63.452566096423	61.9299087854057	9.375	84.531059683313	52.8083700440529	69.0423162583519	52.2756827048114	62.9135538954109	45.7277548615203	75.3191489361702	56.6189111747851	16.0384331116038	13.5940409683426	69.0134907251265	55.9456398640997	50.748502994012	55.8314522197141	49.2944496707432	60.0250626566416	53.7782680639824	31.0633648943918	51.6872160934458
69.3452380952381	16.6666666666667	67.2268907563025	65.6174334140436	26.3698630136986	85.595567867036	40.1574803149606	56.4625850340136	40.3189066059225	76.6666666666667	38.9763779527559	52.7859237536657	62.093023255814	55.4585152838428	43.6440677966102	62.0386643233743	60.4651162790698	51.1475409836066	28.8793103448276	26.5822784810127	68.025078369906	63.9575971731449	45.1073985680191	47.8260869565217
77.1058315334773	52.463768115942	83.9401820546164	82.9059829059829	32.0848938826467	87.8504672897196	72.6326742976067	70.8771929824561	75.4716981132076	82.9787234042553	76.8072289156626	82.2177822177822	81.5114709851552	29.2569659442724	57.9861111111111	82.9006266786034	84.0175953079179	75.408719346049	12.9834254143646	55.3921568627451	82.3269513991164	88.3540372670807	64.3905552010211	80.0409416581372
72.7416798732171	30.1916932907348	55.8608058608059	73.4774066797642	33.6507936507937	84.7411444141689	50.2293577981651	46.969696969697	26.3157894736842	69.6696696696697	36.1271676300578	56.7567567567568	57.6441102756892	38.5496183206107	39.413680781759	43.313373253493	39.8907103825137	52.930056710775	26.813880126183	34.4660194174757	69.1218130311615	60.7058823529412	47.4522292993631	47.5290697674419
69.1891891891892	20.0396825396825	66.3533834586466	59.1591591591592	51.1363636363636	86.7256637168142	72.5694444444444	73.8532110091743	65.8203125	66.2790697674419	46.6135458167331	67.9190751445087	56.0526315789474	64.0692640692641	4.98084291187739	73.3471074380165	60.2836879432624	57.5376884422111	21.9512195121951	64.6464646464647	68.0511182108626	59.6446700507614	62.0553359683794	59.7101449275362
47.4336283185841	9.19732441471572	32.3101777059774	13.1679389312977	30.6569343065693	69.4092827004219	29.7391304347826	26.3546798029557	29.6296296296296	19.0361445783133	70.1030927835052	33.4987593052109	55.1724137931034	40.2555910543131	2.60416666666667	39.4984326018809	31.2638580931264	29.0874524714829	26.8041237113402	21.078431372549	28.476821192053	13.0801687763713	58.7921847246892	62.1227887617066
80.03300330033	10.292249047014	75.6380510440835	55.9082892416226	76.5133171912833	93.4990439770555	71.8574108818011	66.8380462724936	68.7170474516696	58.7341772151899	67.5381263616558	77.2504091653028	80.7692307692308	83.5016835016835	13.6627906976744	80.7017543859649	73.972602739726	70.1570680628272	60.9230769230769	61.244019138756	78.5714285714286	43.5	66.8500687757909	70.2702702702703
78.7096774193548	16.7757492249397	85.0526315789474	80.7047700902449	82.0010875475802	90.2874902874903	82.2323462414579	77.6985743380855	80.224609375	70.0754975978037	75.0198255352895	78.2454060462359	84.3269821757837	82.9512893982808	40.2061855670103	81.8650421743205	78.7352328005559	77.6359973136333	76.3173132599884	63.2567849686848	75.462962962963	74.2962962962963	81.8676047329709	81.8872870249017
78.6666666666667	15.7227387996619	86.8468468468468	71.2270803949224	79.595015576324	86.0158311345646	82.6923076923077	80.4123711340206	70.3125	73.8758029978587	67.7103718199609	80.5668016194332	83.6065573770492	73.9669421487603	27.3712737127371	82.972582972583	82.0568927789934	71.1818181818182	56.672760511883	57.8313253012048	76.8018018018018	81.8367346938775	85.1606805293006	72.6169844020797
73.469387755102	11.12828438949	77.6056338028169	70.8757637474542	58.9449541284404	86.3534675615213	63.0514705882353	66	66.1157024793388	67.1610169491525	66.2125340599455	72.43947858473	71.6517857142857	58.5427135678392	23.7785016286645	71.1940298507463	75.7238307349666	58.9160839160839	64.5756457564576	61.7940199335548	67.4757281553398	74.1596638655462	67.4193548387097	70.945945945946
58.7792642140468	20.1328903654485	69.8125	59.596713965646	60.6022584692597	85.0649350649351	55.939524838013	64.8809523809524	43.4528773978315	68.4	55.7174887892377	57.9611650485437	63.9097744360902	45.1282051282051	20.5278592375367	63.9742673338099	69.1453940066593	67.2056921086675	46.5116279069767	53.198127925117	61.3636363636364	63.9757820383451	66.9761273209549	60.0202942668696
55.3394204049226	16.6259168704156	66.7067307692308	72.8130360205832	5.37190082644628	75.5238095238095	67.2800718132855	75.8180809761509	75.9897828863346	81.4121037463977	66.1250615460364	79.3899422918384	69.2579505300353	26.5641569459173	7.73558368495077	66.8224299065421	78.7126203750634	53.126022913257	24.194429273621	65.1607298001738	69.2660550458716	73.5687022900763	61.9367854741089	74.3193204094968
60	47.104580812446	61.9088564058469	66.1870503597122	36.2676056338028	80.5810397553517	16.4677804295943	66.4025356576862	44.2092154420922	69.6629213483146	37.3111782477341	24.1025641025641	54.4323483670295	21.4165261382799	7.24191063174114	77.0754716981132	63.9087018544936	45.207100591716	22.3613595706619	34.0845070422535	30.8848080133556	62.0236530880421	50.5253104106972	48.1209150326797
48.995983935743	7.73694390715667	36.8200836820084	14.7727272727273	24.5833333333333	57.7669902912621	55.0251256281407	40.251572327044	57.7608142493639	29.9479166666667	37.1104815864023	67.6315789473684	55.7640750670241	20.9558823529412	14.4144144144144	43.6960276338515	44.0340909090909	35.5437665782493	20	35.2941176470588	42.2077922077922	23.8979118329466	62.3263888888889	39.4045534150613
53.5539215686275	5.67226890756303	39.5465994962217	16.2531017369727	31.1320754716981	73.850197109067	47.6394849785408	48.6486486486486	62.6387176325524	31.2958435207824	30.3830911492734	65.0130548302872	56.3471502590674	28.3446712018141	14.0816326530612	58.7704918032787	50.2409638554217	32.9396325459318	35.7664233576642	45.0367647058824	37.3134328358209	26.2025316455696	60.377358490566	43.3252427184466
51.7258142926592	4.65459918729221	53.3810375670841	54.5677799607073	22.085201793722	67.020023557126	49.540757749713	34.0778097982709	64.8079957916886	64.4295302013423	38.4996900185989	69.9866011612327	41.4261460101868	31.785944551902	11.3372093023256	54.6159813809154	54.5300113250283	46.7180051338467	18.9072609633357	32.4483775811209	55.6603773584906	54.8171045852653	36.2120564343737	57.8932261768083
75.2747252747253	6.38629283489097	74.1286863270777	74.5631067961165	23.4299516908213	82.6424870466321	56.7695961995249	76.1904761904762	68.3467741935484	77.3333333333333	54.2682926829268	68.7943262411348	70.3349282296651	33.3333333333333	10.8552631578947	53.3112582781457	74.7899159663866	44.9008498583569	22.7106227106227	50	73.0659025787966	72.8643216080402	69.1780821917808	67.1557562076749
90.1234567901235	10.0109409190372	86.4187550525465	91.5178571428571	18.0236171535115	89.4514767932489	78.7620670073822	81.1764705882353	89.1644204851752	88.3695652173913	78.1094527363184	83.467381590706	83.921246923708	23.9717978848414	7.84574468085106	67.4418604651163	83.0724070450098	75.267127592709	16.0148975791434	60.3305785123967	87.9611650485437	85.7008466603951	93.849765258216	84.5233907843827
88.9257294429708	12.5429553264605	87.3986735445836	88.0037488284911	15.8508158508159	89.2733564013841	80.1457194899818	75.959595959596	82.1280133000831	81.5841584158416	74.0875912408759	81.8953323903819	85.8585858585859	54.8433048433048	9.09090909090909	76.0822510822511	81.1526479750779	78.9504036908881	17.9084967320261	73.1441048034934	87.6796714579055	83.4492350486787	88.7096774193548	82.7284105131414
